1.2345 1e-20 0 0 3700.74 1 1 32034
1.2345 1e-19 0 0 370.074 1 1 3202.5
1.2345 1e-18 0 0 37.0074 1 1 319.35
1.2345 1e-17 0 0 3.70074 1 1 31.035
1.2345 1e-16 0 0 0.370074 1 1 2.2035
1.2345 1e-15 0.111022 0.111022 0.0925186 0.0389511 0.0389511 0.199126
1.2345 1e-14 0.111022 0.116573 0.117499 0.0389511 0.00910135 0.0171101
1.2345 1e-13 0.115463 0.115463 0.115833 0.000509142 0.000509142 0.00269435
1.2345 1e-12 0.115463 0.115519 0.115491 0.000509142 2.8618e-05 0.00026888
1.2345 1e-11 0.115519 0.115524 0.115523 2.8618e-05 1.94345e-05 1.14258e-05
1.2345 1e-10 0.115522 0.115522 0.115522 2.13514e-07 2.13514e-07 1.38823e-06
1.2345 1e-09 0.115522 0.115522 0.115522 2.13514e-07 2.13514e-07 2.13514e-07
1.2345 1e-08 0.115522 0.115522 0.115522 2.6701e-07 2.13044e-08 2.72181e-09
1.2345 1e-07 0.115522 0.115522 0.115522 2.59275e-06 2.08343e-09 2.08343e-09
1.2345 1e-06 0.115519 0.115522 0.115522 2.5951e-05 3.19191e-10 5.59453e-10
1.2345 1e-05 0.115492 0.115522 0.115522 0.000259507 2.19324e-09 3.31939e-11
1.2345 0.0001 0.115222 0.115522 0.115522 0.00259527 2.23648e-07 5.1632e-12
1.2345 0.001 0.112522 0.115519 0.115522 0.0259729 2.23651e-05 8.59762e-11
1.2345 0.01 0.085286 0.115264 0.115522 0.261733 0.0022363 8.59959e-07
1.2345 0.1 -0.208935 0.0899334 0.114535 2.80861 0.221504 0.00854601
