0.0000000000000000e+00 -0.0000000000000000e+00 -0.0000000000000000e+00
2.0000000000000000e-02 -7.9989333653329275e-02 -7.9989333573337637e-02
4.0000000000000001e-02 -1.5991467690614655e-01 -1.5991467674620605e-01
5.9999999999999998e-02 -2.3971207775111369e-01 -2.3971207751130932e-01
8.0000000000000002e-02 -3.1931766094676450e-01 -3.1931766062722416e-01
1.0000000000000001e-01 -3.9866766634926148e-01 -3.9866766595015585e-01
1.2000000000000000e-01 -4.7769848718276664e-01 -4.7769848670430909e-01
1.4000000000000001e-01 -5.5634670822801136e-01 -5.5634670767045702e-01
1.6000000000000000e-01 -6.3454914390869255e-01 -6.3454914327233825e-01
1.7999999999999999e-01 -7.1224287625537208e-01 -7.1224287554055798e-01
2.0000000000000001e-01 -7.8936529272661904e-01 -7.8936529193372584e-01
2.2000000000000000e-01 -8.6585412386720506e-01 -8.6585412299665709e-01
2.3999999999999999e-01 -9.4164748078324334e-01 -9.4164747983550312e-01
2.6000000000000001e-01 -1.0166838924142572e+00 -1.0166838913898322e+00
2.8000000000000003e-01 -1.0909023425822593e+00 -1.0909023414816961e+00
2.9999999999999999e-01 -1.1642423067980427e+00 -1.1642423056219260e+00
3.2000000000000001e-01 -1.2366437888049977e+00 -1.2366437875539609e+00
3.4000000000000002e-01 -1.3080473568409041e+00 -1.3080473555156111e+00
3.5999999999999999e-01 -1.3783941795982928e+00 -1.3783941781994518e+00
3.8000000000000000e-01 -1.4476260618641130e+00 -1.4476260603924744e+00
4.0000000000000002e-01 -1.5156854798196093e+00 -1.5156854782759606e+00
4.1999999999999998e-01 -1.5825156159814791e+00 -1.5825156143666386e+00
4.4000000000000000e-01 -1.6480603937655669e+00 -1.6480603920804044e+00
4.6000000000000002e-01 -1.7122645116545228e+00 -1.7122645098999356e+00
4.7999999999999998e-01 -1.7750734769510785e+00 -1.7750734751280073e+00
5.0000000000000000e-01 -1.8364336390987788e+00 -1.8364336372081949e+00
5.2000000000000002e-01 -1.8962922225522294e+00 -1.8962922205951545e+00
5.4000000000000004e-01 -1.9545973591791566e+00 -1.9545973571566282e+00
5.6000000000000005e-01 -2.0112981201767930e+00 -2.0112981180898970e+00
5.7999999999999996e-01 -2.0663445474853637e+00 -2.0663445453352263e+00
5.9999999999999998e-01 -2.1196876846816846e+00 -2.1196876824694439e+00
6.2000000000000000e-01 -2.1712796073361522e+00 -2.1712796050630021e+00
6.4000000000000001e-01 -2.2210734528166789e+00 -2.2210734504838374e+00
6.6000000000000003e-01 -2.2690234495233899e+00 -2.2690234471321085e+00
6.8000000000000005e-01 -2.3150849455381994e+00 -2.3150849430897629e+00
7.0000000000000007e-01 -2.3592144366736658e+00 -2.3592144341693895e+00
7.1999999999999997e-01 -2.4013695939058350e+00 -2.4013695913470721e+00
7.3999999999999999e-01 -2.4415092901760804e+00 -2.4415092875641844e+00
7.6000000000000001e-01 -2.4795936265472784e+00 -2.4795936238836638e+00
7.8000000000000003e-01 -2.5155839576999730e+00 -2.5155839549860839e+00
8.0000000000000004e-01 -2.5494429167545105e+00 -2.5494429139917933e+00
8.2000000000000006e-01 -2.5811344394054778e+00 -2.5811344365954225e+00
8.3999999999999997e-01 -2.6106237873551161e+00 -2.6106237844992459e+00
8.5999999999999999e-01 -2.6378775710327229e+00 -2.6378775681325517e+00
8.8000000000000000e-01 -2.6628637715874399e+00 -2.6628637686445598e+00
9.0000000000000002e-01 -2.6855517621421630e+00 -2.6855517591581743e+00
9.2000000000000004e-01 -2.7059123282967037e+00 -2.7059123252731738e+00
9.4000000000000006e-01 -2.7239176878686933e+00 -2.7239176848072830e+00
9.5999999999999996e-01 -2.7395415098611133e+00 -2.7395415067634672e+00
9.7999999999999998e-01 -2.7527589326457269e+00 -2.7527589295135417e+00
1.0000000000000000e+00 -2.7635465813520725e+00 -2.7635465781870097e+00
1.0200000000000000e+00 -2.7718825844520909e+00 -2.7718825812558983e+00
1.0400000000000000e+00 -2.7777465895308557e+00 -2.7777465863052591e+00
1.0600000000000001e+00 -2.7811197782342907e+00 -2.7811197749810241e+00
1.0800000000000001e+00 -2.7819848803851732e+00 -2.7819848771060065e+00
1.1000000000000001e+00 -2.7803261872591412e+00 -2.7803261839558595e+00
1.1200000000000001e+00 -2.7761295640128454e+00 -2.7761295606872500e+00
1.1400000000000001e+00 -2.7693824612568227e+00 -2.7693824579107336e+00
1.1599999999999999e+00 -2.7600739257660876e+00 -2.7600739224013071e+00
1.1799999999999999e+00 -2.7481946103218817e+00 -2.7481946069402650e+00
1.2000000000000000e+00 -2.7337367826784691e+00 -2.7337367792818292e+00
1.2200000000000000e+00 -2.7166943336492899e+00 -2.7166943302395219e+00
1.2400000000000000e+00 -2.6970627843072430e+00 -2.6970627808862133e+00
1.2600000000000000e+00 -2.6748392922943207e+00 -2.6748392888638541e+00
1.2800000000000000e+00 -2.6500226572362560e+00 -2.6500226537982710e+00
1.3000000000000000e+00 -2.6226133252583130e+00 -2.6226133218146415e+00
1.3200000000000001e+00 -2.5926133925987949e+00 -2.5926133891514289e+00
1.3400000000000001e+00 -2.5600266083173100e+00 -2.5600266048680598e+00
1.3600000000000001e+00 -2.5248583760952927e+00 -2.5248583726460994e+00
1.3800000000000001e+00 -2.4871157551267422e+00 -2.4871157516794842e+00
1.4000000000000001e+00 -2.4468074600975949e+00 -2.4468074566541951e+00
1.4199999999999999e+00 -2.4039438602526273e+00 -2.4039438568149349e+00
1.4399999999999999e+00 -2.3585369775492322e+00 -2.3585369741192372e+00
1.4600000000000000e+00 -2.3106004838978929e+00 -2.3106004804774427e+00
1.4800000000000000e+00 -2.2601496974896369e+00 -2.2601496940806451e+00
1.5000000000000000e+00 -2.2072015782112175e+00 -2.2072015748155578e+00
1.5200000000000000e+00 -2.1517747221492467e+00 -2.1517747187687952e+00
1.5400000000000000e+00 -2.0938893551849538e+00 -2.0938893518216539e+00
1.5600000000000001e+00 -2.0335673256817270e+00 -2.0335673223374187e+00
1.5800000000000001e+00 -1.9708320962680459e+00 -1.9708320929445893e+00
1.6000000000000001e+00 -1.9057087347188859e+00 -1.9057087314181913e+00
1.6200000000000001e+00 -1.8382239039391353e+00 -1.8382239006630126e+00
1.6400000000000001e+00 -1.7684058510530234e+00 -1.7684058478033411e+00
1.6600000000000001e+00 -1.6962843956040290e+00 -1.6962843923826003e+00
1.6799999999999999e+00 -1.6218909168701849e+00 -1.6218909136788031e+00
1.7000000000000000e+00 -1.5452583403001534e+00 -1.5452583371406685e+00
1.7200000000000000e+00 -1.4664211230759121e+00 -1.4664211199501453e+00
1.7400000000000000e+00 -1.3854152388083190e+00 -1.3854152357179756e+00
1.7600000000000000e+00 -1.3022781613722989e+00 -1.3022781583191811e+00
1.7800000000000000e+00 -1.2170488478888188e+00 -1.2170488448746724e+00
1.8000000000000000e+00 -1.1297677208612766e+00 -1.1297677178878085e+00
1.8200000000000001e+00 -1.0404766494743567e+00 -1.0404766465432831e+00
1.8400000000000001e+00 -9.4921893006384828e-01 -9.4921892717688328e-01
1.8600000000000001e+00 -8.5603926576635070e-01 -8.5603926292511978e-01
1.8800000000000001e+00 -7.6098374535821689e-01 -7.6098374256441026e-01
1.9000000000000001e+00 -6.6409982129351519e-01 -6.6409981854872824e-01
1.9199999999999999e+00 -5.6543628695120085e-01 -5.6543628425704451e-01
1.9399999999999999e+00 -4.6504325310210448e-01 -4.6504325046013983e-01
1.9600000000000000e+00 -3.6297212360677089e-01 -3.6297212101861209e-01
1.9800000000000000e+00 -2.5927557035555227e-01 -2.5927556782265510e-01
2.0000000000000000e+00 -1.5400750746279379e-01 -1.5400750498668994e-01
2.0200000000000000e+00 -4.7223064727320629e-02 -4.7223062309501941e-02
2.0400000000000000e+00 6.1021439628161644e-02 6.1021441986253144e-02
2.0600000000000001e+00 1.7066852692577306e-01 1.7066852922272466e-01
2.0800000000000001e+00 2.8165958669590241e-01 2.8165958893030901e-01
2.1000000000000001e+00 3.9393490602165460e-01 3.9393490819219129e-01
2.1200000000000001e+00 5.0743369955020667e-01 5.0743370165550938e-01
2.1400000000000001e+00 6.2209414015661824e-01 6.2209414219544323e-01
2.1600000000000001e+00 7.3785339024528063e-01 7.3785339221628476e-01
2.1800000000000002e+00 8.5464763367387664e-01 8.5464763557587065e-01
2.2000000000000002e+00 9.7241210828434177e-01 9.7241211011614981e-01
2.2200000000000002e+00 1.0910811390250348e+00 1.0910811407854548e+00
2.2400000000000002e+00 1.2105881716479661e+00 1.2105881733359025e+00
2.2600000000000002e+00 1.3308658069646413e+00 1.3308658085789293e+00
2.2800000000000002e+00 1.4518458356437660e+00 1.4518458371834519e+00
2.3000000000000003e+00 1.5734592735337527e+00 1.5734592749977352e+00
2.3199999999999998e+00 1.6956363974926847e+00 1.6956363988799925e+00
2.3399999999999999e+00 1.8183067817081289e+00 1.8183067830178608e+00
2.3599999999999999e+00 1.9413993344888560e+00 1.9413993357200472e+00
2.3799999999999999e+00 2.0648423355103533e+00 2.0648423366621982e+00
2.3999999999999999e+00 2.1885634734956758e+00 2.1885634745673102e+00
2.4199999999999999e+00 2.3124898843129746e+00 2.3124898853036071e+00
2.4399999999999999e+00 2.4365481894707965e+00 2.4365481903796873e+00
2.4600000000000000e+00 2.5606645349920174e+00 2.5606645358184354e+00
2.4800000000000000e+00 2.6847646306470505e+00 2.6847646313904021e+00
2.5000000000000000e+00 2.8087737895267555e+00 2.8087737901863217e+00
